0	0	0.551724
0	1	0.448276
1	0	0.344828
1	1	0.655172
2	0	0.551724
2	1	0.448276
3	0	0.344828
3	1	0.655172
4	0	0.482759
4	1	0.517241
5	0	0.482759
5	1	0.517241
6	0	0.689655
6	1	0.310345
7	0	0.37931
7	1	0.62069
8	0	0.551724
8	1	0.448276
9	0	0.586207
9	1	0.413793
10	0	0.482759
10	1	0.517241
11	0	0.655172
11	1	0.344828
12	0	0.413793
12	1	0.586207
13	0	0.586207
13	1	0.413793
14	0	0.517241
14	1	0.482759
15	0	0.655172
15	1	0.344828
16	0	0.62069
16	1	0.37931
17	0	0.413793
17	1	0.586207
18	0	0.62069
18	1	0.37931
19	0	0.517241
19	1	0.482759
20	0	0.551724
20	1	0.448276
21	0	0.37931
21	1	0.62069
22	0	0.482759
22	1	0.517241
23	0	0.482759
23	1	0.517241
24	0	0.344828
24	1	0.655172
25	0	0.344828
25	1	0.655172
26	0	0.37931
26	1	0.62069
27	0	0.413793
27	1	0.586207
28	0	0.517241
28	1	0.482759
29	0	0.586207
29	1	0.413793
30	0	0.413793
30	1	0.586207
31	0	0.448276
31	1	0.551724
32	0	0.37931
32	1	0.62069
33	0	0.586207
33	1	0.413793
34	0	0.62069
34	1	0.37931
35	0	0.482759
35	1	0.517241
36	0	0.517241
36	1	0.482759
37	0	0.689655
37	1	0.310345
38	0	0.413793
38	1	0.586207
39	0	0.586207
39	1	0.413793
40	0	0.448276
40	1	0.551724
41	0	0.517241
41	1	0.482759
42	0	0.482759
42	1	0.517241
43	0	0.482759
43	1	0.517241
44	0	0.551724
44	1	0.448276
45	0	0.586207
45	1	0.413793
46	0	0.551724
46	1	0.448276
47	0	0.344828
47	1	0.655172
48	0	0.655172
48	1	0.344828
49	0	0.448276
49	1	0.551724
50	0	0.517241
50	1	0.482759
51	0	0.482759
51	1	0.517241
52	0	0.344828
52	1	0.655172
53	0	0.62069
53	1	0.37931
54	0	0.482759
54	1	0.517241
55	0	0.586207
55	1	0.413793
56	0	0.517241
56	1	0.482759
57	0	0.586207
57	1	0.413793
58	0	0.482759
58	1	0.517241
59	0	0.482759
59	1	0.517241
60	0	0.413793
60	1	0.586207
61	0	0.551724
61	1	0.448276
62	0	0.482759
62	1	0.517241
63	0	0.448276
63	1	0.551724
64	0	0.482759
64	1	0.517241
65	0	0.655172
65	1	0.344828
66	0	0.37931
66	1	0.62069
67	0	0.551724
67	1	0.448276
68	0	0.551724
68	1	0.448276
69	0	0.413793
69	1	0.586207
70	0	0.551724
70	1	0.448276
71	0	0.413793
71	1	0.586207
72	0	0.344828
72	1	0.655172
73	0	0.724138
73	1	0.275862
74	0	0.586207
74	1	0.413793
75	0	0.551724
75	1	0.448276
76	0	0.517241
76	1	0.482759
77	0	0.586207
77	1	0.413793
78	0	0.448276
78	1	0.551724
79	0	0.586207
79	1	0.413793
80	0	0.37931
80	1	0.62069
81	0	0.551724
81	1	0.448276
82	0	0.586207
82	1	0.413793
83	0	0.482759
83	1	0.517241
84	0	0.655172
84	1	0.344828
85	0	0.482759
85	1	0.517241
86	0	0.413793
86	1	0.586207
87	0	0.37931
87	1	0.62069
88	0	0.448276
88	1	0.551724
89	0	0.689655
89	1	0.310345
90	0	0.482759
90	1	0.517241
91	0	0.551724
91	1	0.448276
92	0	0.448276
92	1	0.551724
93	0	0.448276
93	1	0.551724
94	0	0.482759
94	1	0.517241
95	0	0.758621
95	1	0.241379
96	0	0.344828
96	1	0.655172
97	0	0.37931
97	1	0.62069
98	0	0.586207
98	1	0.413793
99	0	0.551724
99	1	0.448276
100	0	0.517241
100	1	0.482759
101	0	0.482759
101	1	0.517241
102	0	0.586207
102	1	0.413793
103	0	0.517241
103	1	0.482759
104	0	0.413793
104	1	0.586207
105	0	0.448276
105	1	0.551724
106	0	0.37931
106	1	0.62069
107	0	0.448276
107	1	0.551724
108	0	0.551724
108	1	0.448276
109	0	0.413793
109	1	0.586207
110	0	0.551724
110	1	0.448276
111	0	0.37931
111	1	0.62069
112	0	0.586207
112	1	0.413793
113	0	0.344828
113	1	0.655172
114	0	0.344828
114	1	0.655172
115	0	0.37931
115	1	0.62069
116	0	0.448276
116	1	0.551724
117	0	0.448276
117	1	0.551724
118	0	0.37931
118	1	0.62069
119	0	0.482759
119	1	0.517241
120	0	0.551724
120	1	0.448276
121	0	0.551724
121	1	0.448276
122	0	0.517241
122	1	0.482759
123	0	0.482759
123	1	0.517241
124	0	0.517241
124	1	0.482759
125	0	0.62069
125	1	0.37931
126	0	0.551724
126	1	0.448276
127	0	0.62069
127	1	0.37931
128	0	0.551724
128	1	0.448276
129	0	0.655172
129	1	0.344828
130	0	0.551724
130	1	0.448276
131	0	0.586207
131	1	0.413793
132	0	0.413793
132	1	0.586207
133	0	0.724138
133	1	0.275862
134	0	0.517241
134	1	0.482759
135	0	0.482759
135	1	0.517241
136	0	0.62069
136	1	0.37931
137	0	0.517241
137	1	0.482759
138	0	0.586207
138	1	0.413793
139	0	0.586207
139	1	0.413793
140	0	0.482759
140	1	0.517241
141	0	0.586207
141	1	0.413793
142	0	0.482759
142	1	0.517241
143	0	0.448276
143	1	0.551724
144	0	0.551724
144	1	0.448276
145	0	0.551724
145	1	0.448276
146	0	0.62069
146	1	0.37931
147	0	0.448276
147	1	0.551724
148	0	0.551724
148	1	0.448276
149	0	0.551724
149	1	0.448276
150	0	0.344828
150	1	0.655172
151	0	0.482759
151	1	0.517241
152	0	0.482759
152	1	0.517241
153	0	0.482759
153	1	0.517241
154	0	0.517241
154	1	0.482759
155	0	0.62069
155	1	0.37931
156	0	0.586207
156	1	0.413793
157	0	0.551724
157	1	0.448276
158	0	0.62069
158	1	0.37931
159	0	0.37931
159	1	0.62069
160	0	0.62069
160	1	0.37931
161	0	0.482759
161	1	0.517241
162	0	0.413793
162	1	0.586207
163	0	0.758621
163	1	0.241379
164	0	0.413793
164	1	0.586207
165	0	0.344828
165	1	0.655172
166	0	0.448276
166	1	0.551724
167	0	0.448276
167	1	0.551724
168	0	0.517241
168	1	0.482759
169	0	0.62069
169	1	0.37931
170	0	0.37931
170	1	0.62069
171	0	0.448276
171	1	0.551724
172	0	0.551724
172	1	0.448276
173	0	0.482759
173	1	0.517241
174	0	0.586207
174	1	0.413793
175	0	0.586207
175	1	0.413793
176	0	0.344828
176	1	0.655172
177	0	0.655172
177	1	0.344828
178	0	0.482759
178	1	0.517241
179	0	0.482759
179	1	0.517241
180	0	0.37931
180	1	0.62069
181	0	0.448276
181	1	0.551724
182	0	0.551724
182	1	0.448276
183	0	0.551724
183	1	0.448276
184	0	0.482759
184	1	0.517241
185	0	0.482759
185	1	0.517241
186	0	0.586207
186	1	0.413793
187	0	0.551724
187	1	0.448276
188	0	0.37931
188	1	0.62069
189	0	0.517241
189	1	0.482759
190	0	0.517241
190	1	0.482759
191	0	0.62069
191	1	0.37931
192	0	0.482759
192	1	0.517241
193	0	0.586207
193	1	0.413793
194	0	0.310345
194	1	0.689655
195	0	0.413793
195	1	0.586207
196	0	0.517241
196	1	0.482759
197	0	0.517241
197	1	0.482759
198	0	0.517241
198	1	0.482759
199	0	0.655172
199	1	0.344828
200	0	0.37931
200	1	0.62069
201	0	0.482759
201	1	0.517241
202	0	0.448276
202	1	0.551724
203	0	0.448276
203	1	0.551724
204	0	0.655172
204	1	0.344828
205	0	0.448276
205	1	0.551724
206	0	0.310345
206	1	0.689655
207	0	0.586207
207	1	0.413793
208	0	0.551724
208	1	0.448276
209	0	0.551724
209	1	0.448276
210	0	0.37931
210	1	0.62069
211	0	0.689655
211	1	0.310345
212	0	0.482759
212	1	0.517241
213	0	0.586207
213	1	0.413793
214	0	0.413793
214	1	0.586207
215	0	0.551724
215	1	0.448276
216	0	0.344828
216	1	0.655172
217	0	0.551724
217	1	0.448276
218	0	0.413793
218	1	0.586207
219	0	0.448276
219	1	0.551724
220	0	0.517241
220	1	0.482759
221	0	0.551724
221	1	0.448276
222	0	0.586207
222	1	0.413793
223	0	0.655172
223	1	0.344828
224	0	0.482759
224	1	0.517241
225	0	0.551724
225	1	0.448276
226	0	0.551724
226	1	0.448276
227	0	0.482759
227	1	0.517241
228	0	0.517241
228	1	0.482759
229	0	0.413793
229	1	0.586207
230	0	0.551724
230	1	0.448276
231	0	0.482759
231	1	0.517241
232	0	0.655172
232	1	0.344828
233	0	0.482759
233	1	0.517241
234	0	0.413793
234	1	0.586207
235	0	0.551724
235	1	0.448276
236	0	0.517241
236	1	0.482759
237	0	0.344828
237	1	0.655172
238	0	0.413793
238	1	0.586207
239	0	0.448276
239	1	0.551724
240	0	0.448276
240	1	0.551724
241	0	0.586207
241	1	0.413793
242	0	0.37931
242	1	0.62069
243	0	0.482759
243	1	0.517241
244	0	0.448276
244	1	0.551724
245	0	0.448276
245	1	0.551724
246	0	0.482759
246	1	0.517241
247	0	0.517241
247	1	0.482759
248	0	0.448276
248	1	0.551724
249	0	0.551724
249	1	0.448276
250	0	0.586207
250	1	0.413793
251	0	0.655172
251	1	0.344828
252	0	0.344828
252	1	0.655172
253	0	0.517241
253	1	0.482759
254	0	0.586207
254	1	0.413793
255	0	0.689655
255	1	0.310345
256	0	0.413793
256	1	0.586207
257	0	0.413793
257	1	0.586207
258	0	0.517241
258	1	0.482759
259	0	0.448276
259	1	0.551724
260	0	0.586207
260	1	0.413793
261	0	0.310345
261	1	0.689655
262	0	0.586207
262	1	0.413793
263	0	0.517241
263	1	0.482759
264	0	0.586207
264	1	0.413793
265	0	0.482759
265	1	0.517241
266	0	0.482759
266	1	0.517241
267	0	0.448276
267	1	0.551724
268	0	0.448276
268	1	0.551724
269	0	0.551724
269	1	0.448276
270	0	0.448276
270	1	0.551724
271	0	0.517241
271	1	0.482759
272	0	0.517241
272	1	0.482759
273	0	0.310345
273	1	0.689655
274	0	0.37931
274	1	0.62069
275	0	0.482759
275	1	0.517241
276	0	0.413793
276	1	0.586207
277	0	0.62069
277	1	0.37931
278	0	0.448276
278	1	0.551724
279	0	0.448276
279	1	0.551724
280	0	0.586207
280	1	0.413793
281	0	0.62069
281	1	0.37931
282	0	0.37931
282	1	0.62069
283	0	0.482759
283	1	0.517241
284	0	0.62069
284	1	0.37931
285	0	0.551724
285	1	0.448276
286	0	0.37931
286	1	0.62069
287	0	0.586207
287	1	0.413793
288	0	0.344828
288	1	0.655172
289	0	0.551724
289	1	0.448276
290	0	0.448276
290	1	0.551724
291	0	0.517241
291	1	0.482759
292	0	0.482759
292	1	0.517241
293	0	0.482759
293	1	0.517241
294	0	0.413793
294	1	0.586207
295	0	0.586207
295	1	0.413793
296	0	0.724138
296	1	0.275862
297	0	0.448276
297	1	0.551724
298	0	0.344828
298	1	0.655172
299	0	0.413793
299	1	0.586207
300	0	0.689655
300	1	0.310345
301	0	0.689655
301	1	0.310345
302	0	0.482759
302	1	0.517241
303	0	0.586207
303	1	0.413793
304	0	0.37931
304	1	0.62069
305	0	0.413793
305	1	0.586207
306	0	0.448276
306	1	0.551724
307	0	0.448276
307	1	0.551724
308	0	0.37931
308	1	0.62069
309	0	0.482759
309	1	0.517241
310	0	0.517241
310	1	0.482759
311	0	0.482759
311	1	0.517241
312	0	0.482759
312	1	0.517241
313	0	0.413793
313	1	0.586207
314	0	0.62069
314	1	0.37931
315	0	0.37931
315	1	0.62069
316	0	0.551724
316	1	0.448276
317	0	0.413793
317	1	0.586207
318	0	0.482759
318	1	0.517241
319	0	0.517241
319	1	0.482759
320	0	0.413793
320	1	0.586207
321	0	0.448276
321	1	0.551724
322	0	0.448276
322	1	0.551724
323	0	0.482759
323	1	0.517241
324	0	0.551724
324	1	0.448276
325	0	0.586207
325	1	0.413793
326	0	0.62069
326	1	0.37931
327	0	0.448276
327	1	0.551724
328	0	0.37931
328	1	0.62069
329	0	0.37931
329	1	0.62069
330	0	0.448276
330	1	0.551724
331	0	0.517241
331	1	0.482759
332	0	0.448276
332	1	0.551724
333	0	0.448276
333	1	0.551724
334	0	0.448276
334	1	0.551724
335	0	0.62069
335	1	0.37931
336	0	0.344828
336	1	0.655172
337	0	0.448276
337	1	0.551724
338	0	0.37931
338	1	0.62069
339	0	0.517241
339	1	0.482759
340	0	0.448276
340	1	0.551724
341	0	0.448276
341	1	0.551724
342	0	0.517241
342	1	0.482759
343	0	0.482759
343	1	0.517241
344	0	0.517241
344	1	0.482759
345	0	0.655172
345	1	0.344828
346	0	0.62069
346	1	0.37931
347	0	0.551724
347	1	0.448276
348	0	0.448276
348	1	0.551724
349	0	0.517241
349	1	0.482759
350	0	0.413793
350	1	0.586207
351	0	0.482759
351	1	0.517241
352	0	0.551724
352	1	0.448276
353	0	0.655172
353	1	0.344828
354	0	0.482759
354	1	0.517241
355	0	0.344828
355	1	0.655172
356	0	0.655172
356	1	0.344828
357	0	0.448276
357	1	0.551724
358	0	0.62069
358	1	0.37931
359	0	0.586207
359	1	0.413793
360	0	0.551724
360	1	0.448276
361	0	0.482759
361	1	0.517241
362	0	0.310345
362	1	0.689655
363	0	0.413793
363	1	0.586207
364	0	0.655172
364	1	0.344828
365	0	0.551724
365	1	0.448276
366	0	0.62069
366	1	0.37931
367	0	0.482759
367	1	0.517241
368	0	0.413793
368	1	0.586207
369	0	0.551724
369	1	0.448276
370	0	0.482759
370	1	0.517241
371	0	0.551724
371	1	0.448276
372	0	0.551724
372	1	0.448276
373	0	0.724138
373	1	0.275862
374	0	0.413793
374	1	0.586207
375	0	0.37931
375	1	0.62069
376	0	0.517241
376	1	0.482759
377	0	0.551724
377	1	0.448276
378	0	0.37931
378	1	0.62069
379	0	0.517241
379	1	0.482759
380	0	0.586207
380	1	0.413793
381	0	0.517241
381	1	0.482759
382	0	0.344828
382	1	0.655172
383	0	0.586207
383	1	0.413793
384	0	0.413793
384	1	0.586207
385	0	0.413793
385	1	0.586207
386	0	0.551724
386	1	0.448276
387	0	0.517241
387	1	0.482759
388	0	0.517241
388	1	0.482759
389	0	0.586207
389	1	0.413793
390	0	0.448276
390	1	0.551724
391	0	0.551724
391	1	0.448276
392	0	0.551724
392	1	0.448276
393	0	0.586207
393	1	0.413793
394	0	0.482759
394	1	0.517241
395	0	0.586207
395	1	0.413793
396	0	0.551724
396	1	0.448276
397	0	0.62069
397	1	0.37931
398	0	0.517241
398	1	0.482759
399	0	0.551724
399	1	0.448276
400	0	0.413793
400	1	0.586207
401	0	0.413793
401	1	0.586207
402	0	0.482759
402	1	0.517241
403	0	0.551724
403	1	0.448276
404	0	0.448276
404	1	0.551724
405	0	0.586207
405	1	0.413793
406	0	0.586207
406	1	0.413793
407	0	0.413793
407	1	0.586207
408	0	0.551724
408	1	0.448276
409	0	0.37931
409	1	0.62069
410	0	0.482759
410	1	0.517241
411	0	0.482759
411	1	0.517241
412	0	0.482759
412	1	0.517241
413	0	0.448276
413	1	0.551724
414	0	0.413793
414	1	0.586207
415	0	0.586207
415	1	0.413793
416	0	0.448276
416	1	0.551724
417	0	0.586207
417	1	0.413793
418	0	0.62069
418	1	0.37931
419	0	0.37931
419	1	0.62069
420	0	0.62069
420	1	0.37931
421	0	0.413793
421	1	0.586207
422	0	0.482759
422	1	0.517241
423	0	0.551724
423	1	0.448276
424	0	0.37931
424	1	0.62069
425	0	0.551724
425	1	0.448276
426	0	0.517241
426	1	0.482759
427	0	0.310345
427	1	0.689655
428	0	0.448276
428	1	0.551724
429	0	0.448276
429	1	0.551724
430	0	0.37931
430	1	0.62069
431	0	0.551724
431	1	0.448276
432	0	0.689655
432	1	0.310345
433	0	0.482759
433	1	0.517241
434	0	0.551724
434	1	0.448276
435	0	0.482759
435	1	0.517241
436	0	0.310345
436	1	0.689655
437	0	0.62069
437	1	0.37931
438	0	0.413793
438	1	0.586207
439	0	0.37931
439	1	0.62069
440	0	0.689655
440	1	0.310345
441	0	0.37931
441	1	0.62069
442	0	0.586207
442	1	0.413793
443	0	0.482759
443	1	0.517241
444	0	0.413793
444	1	0.586207
445	0	0.62069
445	1	0.37931
446	0	0.586207
446	1	0.413793
447	0	0.344828
447	1	0.655172
448	0	0.62069
448	1	0.37931
449	0	0.482759
449	1	0.517241
450	0	0.551724
450	1	0.448276
451	0	0.62069
451	1	0.37931
452	0	0.37931
452	1	0.62069
453	0	0.482759
453	1	0.517241
454	0	0.482759
454	1	0.517241
455	0	0.655172
455	1	0.344828
456	0	0.413793
456	1	0.586207
457	0	0.37931
457	1	0.62069
458	0	0.482759
458	1	0.517241
459	0	0.62069
459	1	0.37931
460	0	0.448276
460	1	0.551724
461	0	0.37931
461	1	0.62069
462	0	0.37931
462	1	0.62069
463	0	0.586207
463	1	0.413793
464	0	0.551724
464	1	0.448276
465	0	0.62069
465	1	0.37931
466	0	0.551724
466	1	0.448276
467	0	0.413793
467	1	0.586207
468	0	0.37931
468	1	0.62069
469	0	0.586207
469	1	0.413793
470	0	0.551724
470	1	0.448276
471	0	0.517241
471	1	0.482759
472	0	0.517241
472	1	0.482759
473	0	0.482759
473	1	0.517241
474	0	0.517241
474	1	0.482759
475	0	0.551724
475	1	0.448276
476	0	0.517241
476	1	0.482759
477	0	0.413793
477	1	0.586207
478	0	0.482759
478	1	0.517241
479	0	0.482759
479	1	0.517241
480	0	0.551724
480	1	0.448276
481	0	0.517241
481	1	0.482759
482	0	0.275862
482	1	0.724138
483	0	0.413793
483	1	0.586207
484	0	0.551724
484	1	0.448276
485	0	0.586207
485	1	0.413793
486	0	0.448276
486	1	0.551724
487	0	0.37931
487	1	0.62069
488	0	0.586207
488	1	0.413793
489	0	0.62069
489	1	0.37931
490	0	0.517241
490	1	0.482759
491	0	0.62069
491	1	0.37931
492	0	0.413793
492	1	0.586207
493	0	0.344828
493	1	0.655172
494	0	0.310345
494	1	0.689655
495	0	0.413793
495	1	0.586207
496	0	0.448276
496	1	0.551724
497	0	0.37931
497	1	0.62069
498	0	0.586207
498	1	0.413793
499	0	0.517241
499	1	0.482759
500	0	0.586207
500	1	0.413793
501	0	0.517241
501	1	0.482759
502	0	0.62069
502	1	0.37931
503	0	0.586207
503	1	0.413793
504	0	0.448276
504	1	0.551724
505	0	0.482759
505	1	0.517241
506	0	0.62069
506	1	0.37931
507	0	0.37931
507	1	0.62069
508	0	0.482759
508	1	0.517241
509	0	0.482759
509	1	0.517241
510	0	0.517241
510	1	0.482759
511	0	0.551724
511	1	0.448276
512	0	0.586207
512	1	0.413793
513	0	0.448276
513	1	0.551724
514	0	0.551724
514	1	0.448276
515	0	0.517241
515	1	0.482759
516	0	0.413793
516	1	0.586207
517	0	0.62069
517	1	0.37931
518	0	0.517241
518	1	0.482759
519	0	0.586207
519	1	0.413793
520	0	0.482759
520	1	0.517241
521	0	0.482759
521	1	0.517241
522	0	0.551724
522	1	0.448276
523	0	0.482759
523	1	0.517241
524	0	0.482759
524	1	0.517241
525	0	0.448276
525	1	0.551724
526	0	0.655172
526	1	0.344828
527	0	0.517241
527	1	0.482759
528	0	0.310345
528	1	0.689655
529	0	0.586207
529	1	0.413793
530	0	0.448276
530	1	0.551724
531	0	0.448276
531	1	0.551724
532	0	0.482759
532	1	0.517241
533	0	0.551724
533	1	0.448276
534	0	0.586207
534	1	0.413793
535	0	0.517241
535	1	0.482759
536	0	0.551724
536	1	0.448276
537	0	0.413793
537	1	0.586207
538	0	0.344828
538	1	0.655172
539	0	0.448276
539	1	0.551724
540	0	0.482759
540	1	0.517241
541	0	0.310345
541	1	0.689655
542	0	0.344828
542	1	0.655172
543	0	0.586207
543	1	0.413793
544	0	0.586207
544	1	0.413793
545	0	0.37931
545	1	0.62069
546	0	0.448276
546	1	0.551724
547	0	0.655172
547	1	0.344828
548	0	0.448276
548	1	0.551724
549	0	0.413793
549	1	0.586207
550	0	0.413793
550	1	0.586207
551	0	0.206897
551	1	0.793103
552	0	0.586207
552	1	0.413793
553	0	0.413793
553	1	0.586207
554	0	0.310345
554	1	0.689655
555	0	0.37931
555	1	0.62069
556	0	0.482759
556	1	0.517241
557	0	0.482759
557	1	0.517241
558	0	0.586207
558	1	0.413793
559	0	0.482759
559	1	0.517241
560	0	0.37931
560	1	0.62069
561	0	0.448276
561	1	0.551724
562	0	0.517241
562	1	0.482759
563	0	0.413793
563	1	0.586207
564	0	0.310345
564	1	0.689655
565	0	0.448276
565	1	0.551724
566	0	0.551724
566	1	0.448276
567	0	0.448276
567	1	0.551724
568	0	0.586207
568	1	0.413793
569	0	0.413793
569	1	0.586207
570	0	0.689655
570	1	0.310345
571	0	0.551724
571	1	0.448276
572	0	0.448276
572	1	0.551724
573	0	0.448276
573	1	0.551724
574	0	0.517241
574	1	0.482759
575	0	0.517241
575	1	0.482759
576	0	0.689655
576	1	0.310345
577	0	0.448276
577	1	0.551724
578	0	0.482759
578	1	0.517241
579	0	0.413793
579	1	0.586207
580	0	0.586207
580	1	0.413793
581	0	0.482759
581	1	0.517241
582	0	0.482759
582	1	0.517241
583	0	0.62069
583	1	0.37931
584	0	0.448276
584	1	0.551724
585	0	0.448276
585	1	0.551724
586	0	0.413793
586	1	0.586207
587	0	0.275862
587	1	0.724138
588	0	0.517241
588	1	0.482759
589	0	0.62069
589	1	0.37931
590	0	0.344828
590	1	0.655172
591	0	0.37931
591	1	0.62069
592	0	0.344828
592	1	0.655172
593	0	0.482759
593	1	0.517241
594	0	0.448276
594	1	0.551724
595	0	0.448276
595	1	0.551724
596	0	0.482759
596	1	0.517241
597	0	0.482759
597	1	0.517241
598	0	0.344828
598	1	0.655172
599	0	0.586207
599	1	0.413793
600	0	0.724138
600	1	0.275862
601	0	0.310345
601	1	0.689655
602	0	0.482759
602	1	0.517241
603	0	0.551724
603	1	0.448276
604	0	0.586207
604	1	0.413793
605	0	0.448276
605	1	0.551724
606	0	0.586207
606	1	0.413793
607	0	0.551724
607	1	0.448276
608	0	0.448276
608	1	0.551724
609	0	0.448276
609	1	0.551724
610	0	0.448276
610	1	0.551724
611	0	0.551724
611	1	0.448276
612	0	0.482759
612	1	0.517241
613	0	0.482759
613	1	0.517241
614	0	0.62069
614	1	0.37931
615	0	0.448276
615	1	0.551724
616	0	0.344828
616	1	0.655172
617	0	0.551724
617	1	0.448276
618	0	0.586207
618	1	0.413793
619	0	0.344828
619	1	0.655172
620	0	0.517241
620	1	0.482759
621	0	0.62069
621	1	0.37931
622	0	0.551724
622	1	0.448276
623	0	0.241379
623	1	0.758621
624	0	0.448276
624	1	0.551724
625	0	0.62069
625	1	0.37931
626	0	0.62069
626	1	0.37931
627	0	0.413793
627	1	0.586207
628	0	0.758621
628	1	0.241379
629	0	0.448276
629	1	0.551724
630	0	0.551724
630	1	0.448276
631	0	0.517241
631	1	0.482759
632	0	0.482759
632	1	0.517241
633	0	0.517241
633	1	0.482759
634	0	0.482759
634	1	0.517241
635	0	0.482759
635	1	0.517241
636	0	0.37931
636	1	0.62069
637	0	0.448276
637	1	0.551724
638	0	0.448276
638	1	0.551724
639	0	0.482759
639	1	0.517241
640	0	0.517241
640	1	0.482759
641	0	0.551724
641	1	0.448276
642	0	0.413793
642	1	0.586207
643	0	0.37931
643	1	0.62069
644	0	0.62069
644	1	0.37931
645	0	0.689655
645	1	0.310345
646	0	0.413793
646	1	0.586207
647	0	0.448276
647	1	0.551724
648	0	0.448276
648	1	0.551724
649	0	0.413793
649	1	0.586207
650	0	0.448276
650	1	0.551724
651	0	0.62069
651	1	0.37931
652	0	0.62069
652	1	0.37931
653	0	0.517241
653	1	0.482759
654	0	0.413793
654	1	0.586207
655	0	0.448276
655	1	0.551724
656	0	0.482759
656	1	0.517241
657	0	0.37931
657	1	0.62069
658	0	0.448276
658	1	0.551724
659	0	0.413793
659	1	0.586207
660	0	0.413793
660	1	0.586207
661	0	0.551724
661	1	0.448276
662	0	0.62069
662	1	0.37931
663	0	0.517241
663	1	0.482759
664	0	0.482759
664	1	0.517241
665	0	0.62069
665	1	0.37931
666	0	0.517241
666	1	0.482759
667	0	0.482759
667	1	0.517241
668	0	0.448276
668	1	0.551724
669	0	0.551724
669	1	0.448276
670	0	0.448276
670	1	0.551724
671	0	0.482759
671	1	0.517241
672	0	0.413793
672	1	0.586207
673	0	0.482759
673	1	0.517241
674	0	0.482759
674	1	0.517241
675	0	0.344828
675	1	0.655172
676	0	0.551724
676	1	0.448276
677	0	0.689655
677	1	0.310345
678	0	0.413793
678	1	0.586207
679	0	0.448276
679	1	0.551724
680	0	0.448276
680	1	0.551724
681	0	0.586207
681	1	0.413793
682	0	0.482759
682	1	0.517241
683	0	0.37931
683	1	0.62069
684	0	0.37931
684	1	0.62069
685	0	0.689655
685	1	0.310345
686	0	0.482759
686	1	0.517241
687	0	0.586207
687	1	0.413793
688	0	0.448276
688	1	0.551724
689	0	0.655172
689	1	0.344828
690	0	0.37931
690	1	0.62069
691	0	0.413793
691	1	0.586207
692	0	0.655172
692	1	0.344828
693	0	0.655172
693	1	0.344828
694	0	0.517241
694	1	0.482759
695	0	0.413793
695	1	0.586207
696	0	0.586207
696	1	0.413793
697	0	0.689655
697	1	0.310345
698	0	0.448276
698	1	0.551724
699	0	0.482759
699	1	0.517241
700	0	0.551724
700	1	0.448276
701	0	0.689655
701	1	0.310345
702	0	0.482759
702	1	0.517241
703	0	0.689655
703	1	0.310345
704	0	0.37931
704	1	0.62069
705	0	0.37931
705	1	0.62069
706	0	0.448276
706	1	0.551724
707	0	0.517241
707	1	0.482759
708	0	0.482759
708	1	0.517241
709	0	0.344828
709	1	0.655172
710	0	0.448276
710	1	0.551724
711	0	0.551724
711	1	0.448276
712	0	0.241379
712	1	0.758621
713	0	0.517241
713	1	0.482759
714	0	0.482759
714	1	0.517241
715	0	0.517241
715	1	0.482759
716	0	0.586207
716	1	0.413793
717	0	0.586207
717	1	0.413793
718	0	0.62069
718	1	0.37931
719	0	0.448276
719	1	0.551724
720	0	0.482759
720	1	0.517241
721	0	0.413793
721	1	0.586207
722	0	0.551724
722	1	0.448276
723	0	0.448276
723	1	0.551724
724	0	0.482759
724	1	0.517241
725	0	0.551724
725	1	0.448276
726	0	0.448276
726	1	0.551724
727	0	0.551724
727	1	0.448276
728	0	0.551724
728	1	0.448276
729	0	0.517241
729	1	0.482759
730	0	0.517241
730	1	0.482759
731	0	0.448276
731	1	0.551724
732	0	0.517241
732	1	0.482759
733	0	0.517241
733	1	0.482759
734	0	0.655172
734	1	0.344828
735	0	0.482759
735	1	0.517241
736	0	0.37931
736	1	0.62069
737	0	0.344828
737	1	0.655172
738	0	0.517241
738	1	0.482759
739	0	0.551724
739	1	0.448276
740	0	0.448276
740	1	0.551724
741	0	0.448276
741	1	0.551724
742	0	0.586207
742	1	0.413793
743	0	0.517241
743	1	0.482759
744	0	0.586207
744	1	0.413793
745	0	0.586207
745	1	0.413793
746	0	0.517241
746	1	0.482759
747	0	0.413793
747	1	0.586207
748	0	0.551724
748	1	0.448276
749	0	0.517241
749	1	0.482759
750	0	0.551724
750	1	0.448276
751	0	0.551724
751	1	0.448276
752	0	0.586207
752	1	0.413793
753	0	0.551724
753	1	0.448276
754	0	0.413793
754	1	0.586207
755	0	0.551724
755	1	0.448276
756	0	0.551724
756	1	0.448276
757	0	0.344828
757	1	0.655172
758	0	0.62069
758	1	0.37931
759	0	0.517241
759	1	0.482759
760	0	0.482759
760	1	0.517241
761	0	0.517241
761	1	0.482759
762	0	0.482759
762	1	0.517241
763	0	0.37931
763	1	0.62069
764	0	0.482759
764	1	0.517241
765	0	0.413793
765	1	0.586207
766	0	0.344828
766	1	0.655172
767	0	0.62069
767	1	0.37931
768	0	0.275862
768	1	0.724138
769	0	0.448276
769	1	0.551724
770	0	0.482759
770	1	0.517241
771	0	0.482759
771	1	0.517241
772	0	0.551724
772	1	0.448276
773	0	0.551724
773	1	0.448276
774	0	0.344828
774	1	0.655172
775	0	0.655172
775	1	0.344828
776	0	0.37931
776	1	0.62069
777	0	0.413793
777	1	0.586207
778	0	0.310345
778	1	0.689655
779	0	0.517241
779	1	0.482759
780	0	0.344828
780	1	0.655172
781	0	0.482759
781	1	0.517241
782	0	0.655172
782	1	0.344828
783	0	0.482759
783	1	0.517241
784	0	0.448276
784	1	0.551724
785	0	0.586207
785	1	0.413793
786	0	0.448276
786	1	0.551724
787	0	0.482759
787	1	0.517241
788	0	0.413793
788	1	0.586207
789	0	0.586207
789	1	0.413793
790	0	0.344828
790	1	0.655172
791	0	0.482759
791	1	0.517241
792	0	0.482759
792	1	0.517241
793	0	0.586207
793	1	0.413793
794	0	0.517241
794	1	0.482759
795	0	0.448276
795	1	0.551724
796	0	0.517241
796	1	0.482759
797	0	0.689655
797	1	0.310345
798	0	0.517241
798	1	0.482759
799	0	0.241379
799	1	0.758621
800	0	0.448276
800	1	0.551724
801	0	0.482759
801	1	0.517241
802	0	0.482759
802	1	0.517241
803	0	0.62069
803	1	0.37931
804	0	0.413793
804	1	0.586207
805	0	0.62069
805	1	0.37931
806	0	0.551724
806	1	0.448276
807	0	0.517241
807	1	0.482759
808	0	0.37931
808	1	0.62069
809	0	0.655172
809	1	0.344828
810	0	0.551724
810	1	0.448276
811	0	0.482759
811	1	0.517241
812	0	0.551724
812	1	0.448276
813	0	0.482759
813	1	0.517241
814	0	0.344828
814	1	0.655172
815	0	0.310345
815	1	0.689655
816	0	0.689655
816	1	0.310345
817	0	0.482759
817	1	0.517241
818	0	0.517241
818	1	0.482759
819	0	0.62069
819	1	0.37931
820	0	0.517241
820	1	0.482759
821	0	0.448276
821	1	0.551724
822	0	0.551724
822	1	0.448276
823	0	0.586207
823	1	0.413793
824	0	0.482759
824	1	0.517241
825	0	0.551724
825	1	0.448276
826	0	0.62069
826	1	0.37931
827	0	0.482759
827	1	0.517241
828	0	0.655172
828	1	0.344828
829	0	0.655172
829	1	0.344828
830	0	0.344828
830	1	0.655172
831	0	0.413793
831	1	0.586207
832	0	0.689655
832	1	0.310345
833	0	0.482759
833	1	0.517241
834	0	0.482759
834	1	0.517241
835	0	0.551724
835	1	0.448276
836	0	0.413793
836	1	0.586207
837	0	0.586207
837	1	0.413793
838	0	0.586207
838	1	0.413793
839	0	0.758621
839	1	0.241379
840	0	0.586207
840	1	0.413793
841	0	0.517241
841	1	0.482759
842	0	0.586207
842	1	0.413793
843	0	0.586207
843	1	0.413793
844	0	0.586207
844	1	0.413793
845	0	0.413793
845	1	0.586207
846	0	0.482759
846	1	0.517241
847	0	0.724138
847	1	0.275862
848	0	0.413793
848	1	0.586207
849	0	0.517241
849	1	0.482759
850	0	0.517241
850	1	0.482759
851	0	0.517241
851	1	0.482759
852	0	0.586207
852	1	0.413793
853	0	0.482759
853	1	0.517241
854	0	0.448276
854	1	0.551724
855	0	0.448276
855	1	0.551724
856	0	0.413793
856	1	0.586207
857	0	0.655172
857	1	0.344828
858	0	0.517241
858	1	0.482759
859	0	0.448276
859	1	0.551724
860	0	0.517241
860	1	0.482759
861	0	0.482759
861	1	0.517241
862	0	0.482759
862	1	0.517241
863	0	0.551724
863	1	0.448276
864	0	0.724138
864	1	0.275862
865	0	0.517241
865	1	0.482759
866	0	0.689655
866	1	0.310345
867	0	0.586207
867	1	0.413793
868	0	0.482759
868	1	0.517241
869	0	0.310345
869	1	0.689655
870	0	0.448276
870	1	0.551724
871	0	0.551724
871	1	0.448276
872	0	0.655172
872	1	0.344828
873	0	0.37931
873	1	0.62069
874	0	0.448276
874	1	0.551724
875	0	0.62069
875	1	0.37931
876	0	0.551724
876	1	0.448276
877	0	0.655172
877	1	0.344828
878	0	0.413793
878	1	0.586207
879	0	0.551724
879	1	0.448276
880	0	0.517241
880	1	0.482759
881	0	0.551724
881	1	0.448276
882	0	0.517241
882	1	0.482759
883	0	0.448276
883	1	0.551724
884	0	0.413793
884	1	0.586207
885	0	0.482759
885	1	0.517241
886	0	0.482759
886	1	0.517241
887	0	0.586207
887	1	0.413793
888	0	0.310345
888	1	0.689655
889	0	0.482759
889	1	0.517241
890	0	0.586207
890	1	0.413793
891	0	0.413793
891	1	0.586207
892	0	0.448276
892	1	0.551724
893	0	0.586207
893	1	0.413793
894	0	0.551724
894	1	0.448276
895	0	0.448276
895	1	0.551724
896	0	0.551724
896	1	0.448276
897	0	0.517241
897	1	0.482759
898	0	0.551724
898	1	0.448276
899	0	0.448276
899	1	0.551724
900	0	0.62069
900	1	0.37931
901	0	0.586207
901	1	0.413793
902	0	0.482759
902	1	0.517241
903	0	0.448276
903	1	0.551724
904	0	0.62069
904	1	0.37931
905	0	0.517241
905	1	0.482759
906	0	0.551724
906	1	0.448276
907	0	0.655172
907	1	0.344828
908	0	0.517241
908	1	0.482759
909	0	0.482759
909	1	0.517241
910	0	0.517241
910	1	0.482759
911	0	0.551724
911	1	0.448276
912	0	0.551724
912	1	0.448276
913	0	0.448276
913	1	0.551724
914	0	0.689655
914	1	0.310345
915	0	0.586207
915	1	0.413793
916	0	0.482759
916	1	0.517241
917	0	0.517241
917	1	0.482759
918	0	0.551724
918	1	0.448276
919	0	0.551724
919	1	0.448276
920	0	0.413793
920	1	0.586207
921	0	0.655172
921	1	0.344828
922	0	0.517241
922	1	0.482759
923	0	0.586207
923	1	0.413793
924	0	0.413793
924	1	0.586207
925	0	0.655172
925	1	0.344828
926	0	0.758621
926	1	0.241379
927	0	0.37931
927	1	0.62069
928	0	0.517241
928	1	0.482759
929	0	0.482759
929	1	0.517241
930	0	0.413793
930	1	0.586207
931	0	0.586207
931	1	0.413793
932	0	0.448276
932	1	0.551724
933	0	0.37931
933	1	0.62069
934	0	0.551724
934	1	0.448276
935	0	0.413793
935	1	0.586207
936	0	0.517241
936	1	0.482759
937	0	0.517241
937	1	0.482759
938	0	0.517241
938	1	0.482759
939	0	0.448276
939	1	0.551724
940	0	0.551724
940	1	0.448276
941	0	0.551724
941	1	0.448276
942	0	0.482759
942	1	0.517241
943	0	0.37931
943	1	0.62069
944	0	0.344828
944	1	0.655172
945	0	0.551724
945	1	0.448276
946	0	0.275862
946	1	0.724138
947	0	0.62069
947	1	0.37931
948	0	0.586207
948	1	0.413793
949	0	0.37931
949	1	0.62069
950	0	0.517241
950	1	0.482759
951	0	0.517241
951	1	0.482759
952	0	0.517241
952	1	0.482759
953	0	0.172414
953	1	0.827586
954	0	0.448276
954	1	0.551724
955	0	0.448276
955	1	0.551724
956	0	0.586207
956	1	0.413793
957	0	0.655172
957	1	0.344828
958	0	0.482759
958	1	0.517241
959	0	0.551724
959	1	0.448276
960	0	0.586207
960	1	0.413793
961	0	0.482759
961	1	0.517241
962	0	0.448276
962	1	0.551724
963	0	0.551724
963	1	0.448276
964	0	0.551724
964	1	0.448276
965	0	0.448276
965	1	0.551724
966	0	0.482759
966	1	0.517241
967	0	0.517241
967	1	0.482759
968	0	0.551724
968	1	0.448276
969	0	0.62069
969	1	0.37931
970	0	0.586207
970	1	0.413793
971	0	0.517241
971	1	0.482759
972	0	0.482759
972	1	0.517241
973	0	0.37931
973	1	0.62069
974	0	0.413793
974	1	0.586207
975	0	0.551724
975	1	0.448276
976	0	0.551724
976	1	0.448276
977	0	0.413793
977	1	0.586207
978	0	0.37931
978	1	0.62069
979	0	0.37931
979	1	0.62069
980	0	0.62069
980	1	0.37931
981	0	0.517241
981	1	0.482759
982	0	0.344828
982	1	0.655172
983	0	0.517241
983	1	0.482759
984	0	0.448276
984	1	0.551724
985	0	0.482759
985	1	0.517241
986	0	0.482759
986	1	0.517241
987	0	0.551724
987	1	0.448276
988	0	0.586207
988	1	0.413793
989	0	0.344828
989	1	0.655172
990	0	0.517241
990	1	0.482759
991	0	0.241379
991	1	0.758621
992	0	0.586207
992	1	0.413793
993	0	0.551724
993	1	0.448276
994	0	0.517241
994	1	0.482759
995	0	0.448276
995	1	0.551724
996	0	0.482759
996	1	0.517241
997	0	0.448276
997	1	0.551724
998	0	0.413793
998	1	0.586207
999	0	0.551724
999	1	0.448276
1000	0	0.517241
1000	1	0.482759
1001	0	0.517241
1001	1	0.482759
1002	0	0.482759
1002	1	0.517241
1003	0	0.448276
1003	1	0.551724
1004	0	0.448276
1004	1	0.551724
1005	0	0.482759
1005	1	0.517241
1006	0	0.482759
1006	1	0.517241
1007	0	0.413793
1007	1	0.586207
1008	0	0.448276
1008	1	0.551724
1009	0	0.551724
1009	1	0.448276
1010	0	0.448276
1010	1	0.551724
1011	0	0.37931
1011	1	0.62069
1012	0	0.482759
1012	1	0.517241
1013	0	0.275862
1013	1	0.724138
1014	0	0.586207
1014	1	0.413793
1015	0	0.551724
1015	1	0.448276
1016	0	0.413793
1016	1	0.586207
1017	0	0.482759
1017	1	0.517241
1018	0	0.482759
1018	1	0.517241
1019	0	0.413793
1019	1	0.586207
1020	0	0.413793
1020	1	0.586207
1021	0	0.344828
1021	1	0.655172
1022	0	0.37931
1022	1	0.62069
1023	0	0.551724
1023	1	0.448276
1024	1	1
1025	1	1
1026	1	1
1027	1	1
1028	0	0.206897
1028	1	0.793103
1029	0	0.137931
1029	1	0.862069
1030	1	1
1031	1	1
1032	1	1
1033	1	1
1034	1	1
1035	0	0.413793
1035	1	0.586207
1036	0	0.0344828
1036	1	0.965517
1037	1	1
1038	1	1
1039	1	1
1040	1	1
1041	1	1
1042	1	1
1043	0	0.37931
1043	1	0.62069
1044	1	1
1045	1	1
1046	1	1
1047	1	1
1048	0	0.137931
1048	1	0.862069
1049	1	1
1050	1	1
1051	0	0.0344828
1051	1	0.965517
1052	0	0.172414
1052	1	0.827586
1053	0	0.448276
1053	1	0.551724
1054	0	0.551724
1054	1	0.448276
1055	0	0.0689655
1055	1	0.931034
1056	0	0.0689655
1056	1	0.931034
1057	0	0.172414
1057	1	0.827586
1058	1	1
1059	0	0.413793
1059	1	0.586207
1060	1	1
1061	1	1
1062	0	0.103448
1062	1	0.896552
1063	1	1
1064	1	1
1065	1	1
1066	1	1
1067	1	1
1068	1	1
1069	1	1
1070	1	1
1071	1	1
1072	1	1
1073	0	0.172414
1073	1	0.827586
1074	1	1
1075	0	0.344828
1075	1	0.655172
1076	1	1
1077	1	1
1078	1	1
1079	0	0.62069
1079	1	0.37931
1080	1	1
1081	1	1
1082	0	0.0344828
1082	1	0.965517
1083	1	1
1084	1	1
1085	0	0.0344828
1085	1	0.965517
1086	0	0.0344828
1086	1	0.965517
1087	1	1
1088	1	1
1089	1	1
1090	0	0.137931
1090	1	0.862069
1091	1	1
1092	1	1
1093	0	0.0344828
1093	1	0.965517
1094	1	1
1095	1	1
1096	0	0.206897
1096	1	0.793103
1097	1	1
1098	1	1
1099	0	0.448276
1099	1	0.551724
1100	0	0.103448
1100	1	0.896552
1101	0	0.172414
1101	1	0.827586
1102	1	1
1103	1	1
1104	0	0.241379
1104	1	0.758621
1105	1	1
1106	0	0.206897
1106	1	0.793103
1107	1	1
1108	0	0.137931
1108	1	0.862069
1109	0	0.137931
1109	1	0.862069
1110	1	1
1111	1	1
1112	0	0.172414
1112	1	0.827586
1113	0	0.172414
1113	1	0.827586
1114	1	1
1115	1	1
1116	1	1
1117	1	1
1118	0	0.241379
1118	1	0.758621
1119	1	1
1120	0	0.0344828
1120	1	0.965517
1121	0	0.103448
1121	1	0.896552
1122	1	1
1123	1	1
1124	1	1
1125	1	1
1126	0	0.448276
1126	1	0.551724
1127	1	1
1128	1	1
1129	1	1
1130	1	1
1131	0	0.37931
1131	1	0.62069
1132	0	0.241379
1132	1	0.758621
1133	1	1
1134	0	0.413793
1134	1	0.586207
1135	0	0.275862
1135	1	0.724138
1136	0	0.0344828
1136	1	0.965517
1137	0	0.241379
1137	1	0.758621
1138	1	1
1139	1	1
1140	1	1
1141	1	1
1142	1	1
1143	1	1
1144	0	0.206897
1144	1	0.793103
1145	1	1
1146	1	1
1147	1	1
1148	1	1
1149	0	0.137931
1149	1	0.862069
1150	1	1
1151	1	1
1152	0	0.0689655
1152	1	0.931034
1153	1	1
1154	1	1
1155	1	1
1156	1	1
1157	1	1
1158	1	1
1159	1	1
1160	1	1
1161	0	0.344828
1161	1	0.655172
1162	1	1
1163	1	1
1164	1	1
1165	1	1
1166	1	1
1167	1	1
1168	0	0.0344828
1168	1	0.965517
1169	1	1
1170	1	1
1171	1	1
1172	1	1
1173	1	1
1174	0	0.310345
1174	1	0.689655
1175	0	0.793103
1175	1	0.206897
1176	0	0.0689655
1176	1	0.931034
1177	0	0.0344828
1177	1	0.965517
1178	0	0.0689655
1178	1	0.931034
1179	1	1
1180	0	0.551724
1180	1	0.448276
1181	0	0.206897
1181	1	0.793103
1182	1	1
1183	0	0.0344828
1183	1	0.965517
1184	1	1
1185	1	1
1186	1	1
1187	1	1
1188	0	0.275862
1188	1	0.724138
1189	1	1
1190	1	1
1191	0	0.103448
1191	1	0.896552
1192	1	1
1193	1	1
1194	1	1
1195	0	0.0689655
1195	1	0.931034
1196	0	0.103448
1196	1	0.896552
1197	0	0.0344828
1197	1	0.965517
1198	1	1
1199	0	0.206897
1199	1	0.793103
1200	0	0.0689655
1200	1	0.931034
1201	1	1
1202	0	0.0689655
1202	1	0.931034
1203	1	1
1204	1	1
1205	1	1
1206	1	1
1207	0	0.103448
1207	1	0.896552
1208	0	0.0344828
1208	1	0.965517
1209	0	0.344828
1209	1	0.655172
1210	1	1
1211	1	1
1212	1	1
1213	0	0.206897
1213	1	0.793103
1214	0	0.310345
1214	1	0.689655
1215	1	1
1216	1	1
1217	0	0.137931
1217	1	0.862069
1218	1	1
1219	0	0.0344828
1219	1	0.965517
1220	1	1
1221	1	1
1222	0	0.0344828
1222	1	0.965517
1223	0	0.275862
1223	1	0.724138
1224	1	1
1225	1	1
1226	0	0.137931
1226	1	0.862069
1227	0	0.344828
1227	1	0.655172
1228	1	1
1229	1	1
1230	1	1
1231	0	0.103448
1231	1	0.896552
1232	0	0.517241
1232	1	0.482759
1233	0	0.0689655
1233	1	0.931034
1234	0	0.310345
1234	1	0.689655
1235	0	0.103448
1235	1	0.896552
1236	0	0.137931
1236	1	0.862069
1237	0	0.172414
1237	1	0.827586
1238	1	1
1239	1	1
1240	1	1
1241	1	1
1242	1	1
1243	0	0.0344828
1243	1	0.965517
1244	0	0.241379
1244	1	0.758621
1245	0	0.275862
1245	1	0.724138
1246	0	0.103448
1246	1	0.896552
1247	0	0.0344828
1247	1	0.965517
1248	0	0.103448
1248	1	0.896552
1249	1	1
1250	1	1
1251	1	1
1252	0	0.37931
1252	1	0.62069
1253	1	1
1254	1	1
1255	1	1
1256	1	1
1257	1	1
1258	1	1
1259	0	0.206897
1259	1	0.793103
1260	0	0.517241
1260	1	0.482759
1261	1	1
1262	0	0.655172
1262	1	0.344828
1263	0	0.172414
1263	1	0.827586
1264	0	0.103448
1264	1	0.896552
1265	1	1
1266	1	1
1267	1	1
1268	1	1
1269	0	0.103448
1269	1	0.896552
1270	0	0.103448
1270	1	0.896552
1271	0	0.241379
1271	1	0.758621
1272	0	0.0689655
1272	1	0.931034
1273	0	0.103448
1273	1	0.896552
1274	0	0.448276
1274	1	0.551724
1275	0	0.310345
1275	1	0.689655
1276	0	0.344828
1276	1	0.655172
1277	1	1
1278	1	1
1279	0	0.103448
1279	1	0.896552
1280	0	0.37931
1280	1	0.62069
1281	1	1
1282	1	1
1283	1	1
1284	1	1
1285	0	0.172414
1285	1	0.827586
1286	1	1
1287	1	1
1288	1	1
1289	1	1
1290	1	1
1291	1	1
1292	0	0.0344828
1292	1	0.965517
1293	0	0.0344828
1293	1	0.965517
1294	1	1
1295	0	0.413793
1295	1	0.586207
1296	1	1
1297	0	0.275862
1297	1	0.724138
1298	0	0.0344828
1298	1	0.965517
1299	1	1
1300	1	1
1301	1	1
1302	1	1
1303	0	0.586207
1303	1	0.413793
1304	1	1
1305	1	1
1306	1	1
1307	1	1
1308	1	1
1309	1	1
1310	1	1
1311	0	0.0689655
1311	1	0.931034
1312	1	1
1313	1	1
1314	1	1
1315	1	1
1316	1	1
1317	1	1
1318	0	0.137931
1318	1	0.862069
1319	0	0.0344828
1319	1	0.965517
1320	1	1
1321	0	0.0689655
1321	1	0.931034
1322	1	1
1323	1	1
1324	0	0.413793
1324	1	0.586207
1325	1	1
1326	0	0.0344828
1326	1	0.965517
1327	1	1
1328	1	1
1329	1	1
1330	1	1
1331	0	0.241379
1331	1	0.758621
1332	0	0.310345
1332	1	0.689655
1333	1	1
1334	1	1
1335	1	1
1336	1	1
1337	1	1
1338	0	0.0344828
1338	1	0.965517
1339	1	1
1340	0	0.0344828
1340	1	0.965517
1341	1	1
1342	1	1
1343	1	1
1344	0	0.448276
1344	1	0.551724
1345	0	0.206897
1345	1	0.793103
1346	0	0.206897
1346	1	0.793103
1347	0	0.0344828
1347	1	0.965517
1348	1	1
1349	1	1
1350	0	0.310345
1350	1	0.689655
1351	0	0.310345
1351	1	0.689655
1352	1	1
1353	1	1
1354	1	1
1355	0	0.0344828
1355	1	0.965517
1356	1	1
1357	1	1
1358	1	1
1359	0	0.0689655
1359	1	0.931034
1360	1	1
1361	1	1
1362	1	1
1363	0	0.0689655
1363	1	0.931034
1364	0	0.0344828
1364	1	0.965517
1365	0	0.241379
1365	1	0.758621
1366	1	1
1367	1	1
1368	1	1
1369	0	0.0344828
1369	1	0.965517
1370	0	0.310345
1370	1	0.689655
1371	0	0.0344828
1371	1	0.965517
1372	1	1
1373	1	1
1374	0	0.206897
1374	1	0.793103
1375	1	1
1376	0	0.0344828
1376	1	0.965517
1377	0	0.0689655
1377	1	0.931034
1378	0	0.0344828
1378	1	0.965517
1379	0	0.482759
1379	1	0.517241
1380	1	1
1381	0	0.310345
1381	1	0.689655
1382	0	0.137931
1382	1	0.862069
1383	0	0.172414
1383	1	0.827586
1384	0	0.586207
1384	1	0.413793
1385	1	1
1386	0	0.137931
1386	1	0.862069
1387	1	1
1388	1	1
1389	1	1
1390	1	1
1391	0	0.241379
1391	1	0.758621
1392	0	0.137931
1392	1	0.862069
1393	0	0.137931
1393	1	0.862069
1394	1	1
1395	0	0.206897
1395	1	0.793103
1396	0	0.448276
1396	1	0.551724
1397	0	0.0689655
1397	1	0.931034
1398	0	0.344828
1398	1	0.655172
1399	1	1
1400	1	1
1401	0	0.0344828
1401	1	0.965517
1402	1	1
1403	0	0.206897
1403	1	0.793103
1404	0	0.931034
1404	1	0.0689655
1405	0	0.0689655
1405	1	0.931034
1406	1	1
1407	1	1
1408	0	0.137931
1408	1	0.862069
1409	0	0.0344828
1409	1	0.965517
1410	1	1
1411	1	1
1412	1	1
1413	1	1
1414	1	1
1415	0	0.275862
1415	1	0.724138
1416	1	1
1417	0	0.206897
1417	1	0.793103
1418	1	1
1419	1	1
1420	0	0.103448
1420	1	0.896552
1421	0	0.0344828
1421	1	0.965517
1422	1	1
1423	0	0.275862
1423	1	0.724138
1424	1	1
1425	1	1
1426	1	1
1427	1	1
1428	1	1
1429	0	0.482759
1429	1	0.517241
1430	0	0.37931
1430	1	0.62069
1431	1	1
1432	1	1
1433	1	1
1434	1	1
1435	1	1
1436	0	0.206897
1436	1	0.793103
1437	1	1
1438	0	0.0689655
1438	1	0.931034
1439	1	1
1440	1	1
1441	0	0.275862
1441	1	0.724138
1442	1	1
1443	0	0.0689655
1443	1	0.931034
1444	0	0.103448
1444	1	0.896552
1445	1	1
1446	0	0.0689655
1446	1	0.931034
1447	1	1
1448	1	1
1449	1	1
1450	0	0.206897
1450	1	0.793103
1451	1	1
1452	1	1
1453	0	0.448276
1453	1	0.551724
1454	1	1
1455	1	1
1456	1	1
1457	1	1
1458	1	1
1459	1	1
1460	0	0.413793
1460	1	0.586207
1461	1	1
1462	1	1
1463	0	0.0689655
1463	1	0.931034
1464	1	1
1465	0	0.241379
1465	1	0.758621
1466	0	0.0689655
1466	1	0.931034
1467	1	1
1468	1	1
1469	0	0.172414
1469	1	0.827586
1470	0	0.0344828
1470	1	0.965517
1471	0	0.206897
1471	1	0.793103
1472	1	1
1473	1	1
1474	1	1
1475	1	1
1476	1	1
1477	0	0.0344828
1477	1	0.965517
1478	1	1
1479	1	1
1480	1	1
1481	1	1
1482	0	0.241379
1482	1	0.758621
1483	0	0.551724
1483	1	0.448276
1484	1	1
1485	1	1
1486	1	1
1487	1	1
1488	0	0.103448
1488	1	0.896552
1489	0	0.0689655
1489	1	0.931034
1490	1	1
1491	0	0.137931
1491	1	0.862069
1492	0	0.172414
1492	1	0.827586
1493	1	1
1494	1	1
1495	1	1
1496	1	1
1497	1	1
1498	1	1
1499	1	1
1500	1	1
1501	1	1
1502	1	1
1503	1	1
1504	0	0.0344828
1504	1	0.965517
1505	1	1
1506	1	1
1507	1	1
1508	0	0.137931
1508	1	0.862069
1509	0	0.0689655
1509	1	0.931034
1510	1	1
1511	0	0.448276
1511	1	0.551724
1512	0	0.344828
1512	1	0.655172
1513	1	1
1514	0	0.206897
1514	1	0.793103
1515	1	1
1516	1	1
1517	1	1
1518	1	1
1519	1	1
1520	1	1
1521	0	0.0344828
1521	1	0.965517
1522	0	0.137931
1522	1	0.862069
1523	0	0.172414
1523	1	0.827586
1524	1	1
1525	1	1
1526	1	1
1527	1	1
1528	0	0.103448
1528	1	0.896552
1529	0	0.241379
1529	1	0.758621
1530	1	1
1531	1	1
1532	1	1
1533	1	1
1534	0	0.0689655
1534	1	0.931034
1535	1	1
1536	0	0.0344828
1536	1	0.965517
1537	1	1
1538	1	1
1539	1	1
